496133199
496133204
496133203
496133205
496133206
496133207
496133208
496133209
496133210
496133211
496133212
496133213
496133214
496133215
496133219
496133218
496133217
496133216
496133220
496133221
496133222
496133223
496133224
496133226
496133225
496133227
496133228
496133230
496133229
496133231
496133232
496133233
496133234
496133235
496133236
496133237
496133238
496133239
496133240
496133241
496133242
496133243
496133245
496133244
496133246
496133247
496133248
496133249
496133250
496133251
496133253
496133254
496133252
496133255
496133256
496133257
496133258
496133259
496133263
496133262
496133261
496133260
496133264
496133265
496133266
496133267
496133268
496133269
496133270
496133273
496133274
496133271
496133272
496133275
496133276
496133278
496133279
496133277
496133281
496133283
496133280
496133282
496133284
496133285
496133286
496133287
496133288
496133289
496133293
496133290
496133292
496133291
496133294
496133295
496133296
496133297
496133300
496133299
496133302
496133298
496133301
496133303
496133304
496133305
496133306
496133307
496133309
496133308
496133310
496133311
496133314
496133315
496133312
496133313
496133316
496133317
496133320
496133318
496133319
496133324
496133322
496133321
496133323
496133325
496133326
496133327
496133328
496133330
496133332
496133329
496133331
496133333
496133334
496133335
496133336
496133338
496133341
496133339
496133340
496133337
496133342
496133344
496133343
496133346
496133345
496133347
496133349
496133350
496133348
496133352
496133353
496133351
496133354
496133355
496133356
496133357
496133358
496133359
496133360
496133361
496133362
496133363
496133364
496133365
496133366
496133367
496133368
496133369
496133371
496133370
496133372
496133373
496133374
496133375
496133376
496133378
496133377
496133380
496133379
496133381
496133382
496133383
496133384
496133385
496133387
496133386
496133389
496133388
496133390
496133391
496133392
496133393
496133394
496133395
496133396
496133397
496133399
496133398
496133400
496133401
496133405
496133402
496133404
496133403
496133406
496133407
496133408
496133410
496133409
496133411
496133414
496133412
496133413
496133415
496133418
496133416
496133417
496133419
496133421
496133420
496133424
496133423
496133422
496133425
496133426
496133427
496133429
496133428
496133430
496133432
496133433
496133431
496133435
496133434
496133438
496133436
496133437
496133439
496133440
496133442
496133441
496133443
496133444
496133445
496133446
496133447
496133448
496133449
496133450
496133452
496133451
496133453
496133454
496133455
496133456
496133457
496133458
496133459
496133461
496133462
496133460
496133463
496133464
496133465
496133466
496133467
496133468
496133470
496133469
496133471
496133472
496133473
496133474
496133475
496133476
496133478
496133477
496133479
496133480
496133481
496133482
496133483
496133484
496133485
496133487
496133486
496133489
496133488
496133490
496133491
496133492
496133493
496133494
496133495
496133496
496133497
496133498
496133500
496133499
496133501
496133504
496133503
496133502
496133508
496133509
496133507
496133505
496133506
496133510
496133511
496133512
496133513
496133514
496133515
496133516
496133517
496133518
496133519
496133520
496133522
496133521
496133524
496133523
496133525
496133526
496133528
496133527
496133532
496133531
496133529
496133530
496133533
496133535
496133534
496133536
496133538
496133537
496133539
496133540
496133541
496133542
496133544
496133543
496133546
496133545
496133547
496133549
496133548
496133552
496133550
496133551
496133553
496133554
496133555
496133556
496133557
496133558
496133559
496133561
496133560
496133564
496133563
496133562
496133565
496133569
496133566
496133568
496133567
496133571
496133570
496133572
496133574
496133573
496133575
496133576
496133578
496133577
496133581
496133580
496133579
496133583
496133584
496133582
496133588
496133589
496133586
496133585
496133587
496133592
496133590
496133591
496133594
496133593
496133595
496133596
496133597
496133598
496133599
496133600
496133601
496133603
496133602
496133604
496133605
496133606
496133607
496133608
496133610
496133609
496133614
496133612
496133611
496133613
496133615
496133616
496133617
496133620
496133618
496133619
496133622
496133623
496133621
496133624
496133625
496133626
496133629
496133631
496133627
496133630
496133628
496133632
496133634
496133633
496133635
496133636
496133637
496133638
496133642
496133640
496133639
496133641
496133644
496133645
496133643
496133646
496133649
496133648
496133647
496133650
496133651
496133652
496133653
496133655
496133654
496133656
496133657
496133658
496133659
496133660
496133662
496133663
496133661
496133666
496133664
496133667
496133665
496133668
496133670
496133669
496133672
496133671
496133673
496133674
496133675
496133676
496133677
496133679
496133678
496133680
496133681
496133682
496133685
496133683
496133684
496133687
496133691
496133690
496133688
496133689
496133686
496133692
496133693
496133694
496133695
496133696
496133697
496133699
496133698
496133700
496133701
496133704
496133703
496133705
496133706
496133702
496133708
496133707
496133712
496133709
496133710
496133711
496133715
496133713
496133714
496133716
496133717
496133718
496133719
496133720
496133722
496133721
496133723
496133725
496133724
496133726
496133727
496133728
496133730
496133729
496133731
496133732
496133733
496133734
496133735
496133736
496133737
496133738
496133740
496133741
496133739
496133742
496133744
496133745
496133746
496133743
496133748
496133749
496133747
496133751
496133750
496133753
496133752
496133754
496133755
496133756
496133757
496133758
496133759
496133761
496133762
496133760
496133764
496133763
496133765
496133766
496133767
496133769
496133768
496133773
496133771
496133772
496133770
496133775
496133776
496133774
496133778
496133777
496133779
496133781
496133780
496133782
496133784
496133783
496133785
496133787
496133786
496133788
496133792
496133789
496133791
496133790
496133793
496133795
496133794
496133796
496133797
496133798
496133801
496133802
496133799
496133800
496133803
496133805
496133806
496133804
496133807
496133809
496133808
496133810
496133811
496133812
496133813
496133814
496133815
496133816
496133817
496133818
496133819
496133821
496133822
496133820
496133823
496133824
496133827
496133825
496133826
496133828
496133829
496133830
496133831
496133833
496133834
496133832
496133835
496133836
496133837
496133839
496133838
496133840
496133844
496133842
496133845
496133843
496133841
496133846
496133847
496133848
496133849
496133850
496133851
496133852
496133853
496133854
496133855
496133857
496133856
496133858
496133859
496133860
496133864
496133863
496133861
496133862
496133865
496133866
496133867
496133869
496133868
496133870
496133871
496133872
496133873
496133874
496133875
496133877
496133876
496133879
496133878
496133880
496133881
496133883
496133884
496133882
496133885
496133887
496133886
496133888
496133890
496133889
496133892
496133891
496133893
496133894
496133895
496133897
496133898
496133896
496133900
496133899
496133901
496133902
496133903
496133904
496133905
496133906
496133907
496133908
496133909
496133911
496133910
496133912
496133913
496133915
496133914
496133916
496133917
496133918
496133919
496133920
496133921
496133922
496133923
496133925
496133924
496133926
496133927
496133928
496133929
496133931
496133930
496133933
496133932
496133934
496133935
496133937
496133936
496133938
496133939
496133940
496133942
496133941
496133943
496133944
496133945
496133946
496133947
496133948
496133949
496133950
496133952
496133951
496133953
496133954
496133955
496133956
496133957
496133960
496133958
496133959
496133961
496133962
496133963
496133964
496133965
496133966
496133969
496133967
496133968
496133970
496133971
496133973
496133972
496133974
496133975
496133976
496133977
496133979
496133978
496133980
496133981
496133982
496133983
496133984
496133985
496133987
496133988
496133986
496133989
496133990
496133991
496133992
496133994
496133993
496133995
496133996
496133997
496133998
496133999
496134000
496134001
496134002
496134003
496134005
496134004
496134006
496134007
496134008
496134009
496134010
496134011
496134012
496134013
496134014
496134015
496134016
496134017
496134018
496134019
496134021
496134020
496134022
496134023
496134024
496134025
496134026
496134027
496134028
496134029
496134030
496134033
496134031
496134032
496134035
496134034
496134036
496134037
496134038
496134040
496134039
496134041
496134042
496134043
496134044
496134045
496134046
496134047
496134048
496134049
496134050
496134051
496134053
496134052
496134056
496134055
496134054
496134057
496134059
496134058
496134060
496134061
496134063
496134065
496134062
496134064
496134066
496134067
496134068
496134070
496134069
496134071
496134072
496134073
496134074
496134076
496134075
496134077
496134079
496134078
496134080
496134081
496134082
496134083
496134084
496134086
496134085
496134087
496134088
496134089
496134091
496134090
496134092
496134093
496134094
496134095
496134097
496134096
496134098
496134100
496134099
496134101
496134102
496134107
496134106
496134103
496134104
496134105
496134109
496134111
496134108
496134110
496134112
496134113
496134114
496134115
496134117
496134118
496134116
496134119
496134120
496134121
496134122
496134123
496134125
496134124
496134126
496134127
496134128
496134129
496134131
496134130
496134132
496134136
496134135
496134137
496134134
496134133
496134138
496134139
496134140
496134141
496134142
496134143
496134144
496134145
496134146
496134147
496134148
496134149
496134150
496134152
496134151
496134153
496134154
496134156
496134157
496134155
496134158
496134159
496134161
496134160
496134162
496134163
496134164
496134165
496134168
496134167
496134166
496134169
496134170
496134172
496134173
496134171
496134174
496134175
496134177
496134178
496134176
496134179
496134181
496134180
496134182
496134183
496134184
496134186
496134185
496134187
496134188
496134190
496134189
496134191
496134192
496134193
496134196
496134195
496134197
496134194
496134198
496134199
496134200
496134201
496134203
496134202
496134204
496134205
496134206
496134207
496134208
496134209
496134211
496134210
496134212
496134215
496134213
496134214
496134216
496134217
496134218
496134219
496134221
496134222
496134220
496134223
496134225
496134224
496134226
496134228
496134227
496134229
496134230
496134231
496134232
496134233
496134235
496134234
496134236
496134237
496134238
496134240
496134239
496134243
496134242
496134241
496134247
496134244
496134246
496134245
496134248
496134250
496134249
496134251
496134252
496134254
496134253
496134256
496134255
496134257
496134259
496134258
496134260
496134261
496134262
496134263
496134264
496134265
496134266
496134268
496134267
496134269
496134271
496134270
496134273
496134272
496134274
496134275
496134276
496134277
496134278
496134279
496134282
496134280
496134281
496134284
496134285
496134283
496134286
496134287
496134288
496134290
496134289
496134292
496134293
496134291
496134295
496134296
496134294
496134297
496134298
496134301
496134299
496134300
496134303
496134302
496134304
496134305
496134306
496134308
496134307
496134309
496134310
496134311
496134312
496134316
496134315
496134314
496134313
496134317
496134318
496134319
496134320
496134322
496134321
496134323
496134325
496134324
496134326
496134327
496134328
496134329
496134330
496134334
496134331
496134333
496134332
496134336
496134335
496134337
496134338
496134339
496134340
496134342
496134341
496134344
496134343
496134345
496134346
496134347
496134348
496134349
496134351
496134350
496134354
496134353
496134355
496134352
496134356
496134357
496134358
496134359
496134360
496134361
496134363
496134362
496134364
496134366
496134365
496134368
496134367
496134370
496134369
496134371
496134373
496134374
496134372
496134376
496134375
496134377
496134378
496134379
496134380
496134382
496134381
496134383
496134384
496134386
496134385
496134387
496134388
496134389
496134390
496134394
496134391
496134392
496134393
496134395
496134397
496134396
496134399
496134398
496134401
496134400
496134402
496134403
496134405
496134407
496134406
496134408
496134411
496134409
496134410
496134412
496134413
496134414
496134416
496134415
496134418
496134419
496134421
496134420
496134423
496134422
496134425
496134427
496134426
496134428
496134430
496134429
496134433
496134431
496134432
496134434
496134435
496134436
496134437
496134438
496134441
496134440
496134442
496134443
496134444
496134445
496134447
496134449
496134448
496134450
496134452
496134453
496134451
496134454
496134456
496134455
496134457
496134458
496134459
496134462
496134460
496134464
496134463
496134465
496134466
496134467
496134468
496134469
496134470
496134471
496134472
496134473
496134474
496134475
496134476
496134478
496134479
496134477
496134480
496134481
496134483
496134482
496134484
496134485
496134486
496134487
496134488
496134489
496134490
496134491
496134493
496134492
496134495
496134494
496134498
496134497
496134496
496134499
496134502
496134504
496134503
496134500
496134505
496134506
496134507
496134508
496134509
496134510
496134511
496134514
496134512
496134513
496134515
496134516
496134517
496134518
496134519
496134520
496134521
496134522
496134523
496134524
496134525
496134526
496134527
496134528
496134532
496134531
496134529
496134530
496134533
496134534
496134535
496134537
496134536
496134538
496134539
496134540
496134541
496134542
496134543
496134544
496134545
496134546
496134547
496134548
496134550
496134549
496134551
496134554
496134552
496134553
496134555
496134556
496134558
496134557
496134559
496134560
496134561
496134562
496134566
496134563
496134565
496134564
496134567
496134568
496134569
496134570
496134571
496134572
496134573
496134575
496134574
496134577
496134576
496134578
496134579
496134581
496134580
496134583
496134582
496134584
496134585
496134587
496134586
496134588
496134592
496134591
496134590
496134589
496134593
496134594
496134595
496134596
496134597
496134598
496134600
496134601
496134599
496134602
496134603
496134604
496134605
496134606
496134607
496134609
496134608
496134610
496134612
496134611
496134613
496134614
496134616
496134615
496134617
496134618
496134619
496134621
496134620
496134623
496134622
496134625
496134624
496134627
496134626
496134628
496134629
496134630
496134631
496134632
496134634
496134633
496134636
496134635
496134637
496134639
496134638
496134640
496134643
496134642
496134641
496134644
496134645
496134646
496134648
496134650
496134649
496134647
496134651
496134652
496134653
496134654
496134655
496134657
496134656
496134659
496134658
496134660
496134663
496134661
496134662
496134664
496134665
496134666
496134667
496134668
496134669
496134670
496134671
496134672
496134673
496134675
496134674
496134676
496134677
496134680
496134678
496134679
496134682
496134683
496134684
496134681
496134685
496134686
496134687
496134688
496134689
496134690
496134691
496134692
496134693
496134694
496134695
496134697
496134696
496134701
496134700
496134703
496134699
496134702
496134698
496134704
496134705
496134706
496134707
496134708
496134709
496134711
496134710
496134712
496134713
496134715
496134714
496134716
496134717
496134721
496134719
496134720
496134718
496134723
496134724
496134722
496134725
496134726
496134727
496134730
496134729
496134728
496134731
496134732
496134733
496134734
496134735
496134736
496134737
496134738
496134739
496134740
496134741
496134742
496134743
496134744
496134745
496134746
496134747
496134748
496134750
496134749
496134751
496134752
496134754
496134753
496134757
496134756
496134755
496134758
496134759
496134760
496134761
496134762
496134763
496134765
496134764
496134767
496134769
496134768
496134770
496134771
496134772
496134773
496134774
496134775
496134777
496134776
496134779
496134778
496134780
496134782
496134783
496134785
496134784
496134786
496134787
496134788
496134789
496134790
496134791
496134792
496134793
496134794
496134795
496134796
496134798
496134797
496134799
496134800
496134801
496134802
496134803
496134804
496134805
496134806
496134807
496134808
496134809
496134811
496134810
496134812
496134813
496134814
496134815
496134816
496134817
496134818
496134819
496134820
496134821
496134822
496134823
496134824
496134825
496134828
496134826
496134827
496134829
496134830
496134831
496134833
496134832
496134834
496134835
496134836
496134838
496134837
496134839
496134841
496134842
496134840
496134844
496134843
496134845
496134846
496134847
496134848
496134849
496134850
496134851
496134852
496134853
496134854
496134855
496134856
496134857
496134858
496134859
496134862
496134861
496134863
496134860
496134864
496134865
496134866
496134867
496134868
496134869
496134870
496134871
496134874
496134873
496134872
496134875
496134876
496134877
496134878
496134879
496134880
496134881
496134883
496134882
496134884
496134886
496134885
496134887
496134888
496134889
496134890
496134891
496134892
496134894
496134895
496134893
496134896
496134898
496134897
496134901
496134900
496134899
496134902
496134903
496134904
496134905
496134906
496134907
496134909
496134910
496134908
496134911
496134912
496134914
496134913
496134915
496134917
496134916
496134918
496134921
496134920
496134919
496134923
496134922
496134924
496134925
496134926
496134927
496134928
496134929
496134930
496134931
496134932
496134933
496134935
496134934
496134936
496134938
496134940
496134939
496134942
496134941
496134943
496134944
496134945
496134946
496134947
496134948
496134949
496134950
496134951
496134952
496134955
496134953
496134954
496134956
496134957
496134958
496134959
496134960
496134963
496134961
496134962
496134965
496134964
496134966
496134967
496134969
496134970
496134968
496134971
496134972
496134973
496134974
496134975
496134976
496134977
496134978
496134979
496134981
496134980
496134982
496134983
496134985
496134984
496134986
496134987
496134988
496134990
496134989
496134991
496134992
496134993
496134995
496134996
496134994
496134997
496134998
496135001
496135000
496135002
496134999
496135003
496135004
496135005
496135006
496135007
496135008
496135009
496135010
496135011
496135012
496135013
496135014
496135015
496135018
496135016
496135017
496135020
496135019
496135022
496135021
496135023
496135024
496135025
496135026
496135027
496135029
496135028
496135030
496135032
496135031
496135034
496135033
496135036
496135035
496135038
496135037
496135039
496135040
496135041
496135042
496135043
496135045
496135044
496135046
496135047
496135048
496135049
496135050
496135051
496135052
496135054
496135056
496135053
496135055
496135057
496135058
496135060
496135059
496135062
496135061
496135063
496135064
496135066
496135065
496135067
496135068
496135069
496135070
496135071
496135072
496135074
496135076
496135075
496135073
496135077
496135078
496135079
496135080
496135081
496135082
496135083
496135084
496135086
496135085
496135088
496135089
496135087
496135090
496135092
496135091
496135096
496135095
496135094
496135093
496135097
496135099
496135098
496135100
496135101
496135102
496135103
496135105
496135104
496135106
496135107
496135108
496135109
496135111
496135110
496135116
496135112
496135115
496135113
496135114
496135117
496135118
496135119
496135121
496135120
496135122
496135123
496135124
496135125
496135126
496135127
496135128
496135129
496135130
496135132
496135133
496135131
496135134
496135135
496135136
496135137
496135138
496135139
496135140
496135141
496135142
496135143
496135144
496135145
496135147
496135146
496135148
496135150
496135149
496135151
496135153
496135152
496135154
496135155
496135156
496135158
496135159
496135157
496135160
496135161
496135163
496135162
496135164
496135165
496135166
496135167
496135169
496135168
496135170
496135171
496135173
496135172
496135174
496135176
496135177
496135175
496135178
496135179
496135180
496135183
496135181
496135182
496135184
496135185
496135186
496135187
496135188
496135189
496135190
496135191
496135192
496135193
496135194
496135195
496135197
496135196
496135198
496135201
496135200
496135199
496135203
496135202
496135205
496135207
496135206
496135204
496135209
496135208
496135211
496135210
